0.000000	100.000000	0.000000	100.000000	
0.099999	99.505402	9.983706	100.000000	
0.199997	98.016506	19.868654	100.000000	
0.299996	95.548089	29.556072	100.000000	
0.399995	92.124717	38.949130	100.000000	
0.499994	87.780502	47.953950	100.000000	
0.599992	82.558758	56.480527	100.000000	
0.699991	76.511572	64.443600	100.000000	
0.799990	69.699284	71.763567	100.000000	
0.899988	62.189886	78.367198	100.000000	
0.999987	54.051190	84.327470	100.000000	
1.099986	45.364843	89.306701	100.000000	
1.199985	36.221117	93.441971	100.000000	
1.299983	26.712992	96.596019	100.000000	
1.399982	16.945473	98.652996	100.000000	
1.499981	7.011726	99.872833	100.000000	
1.599979	-2.995481	100.102847	100.000000	
1.699978	-12.974646	99.308680	100.000000	
1.799977	-22.825167	97.522150	100.000000	
1.899976	-32.448605	94.761009	100.000000	
1.999974	-41.748783	91.052747	100.000000	
2.099973	-50.632740	86.434325	100.000000	
2.199972	-59.011667	80.951796	100.000000	
2.299970	-66.801793	74.659855	100.000000	
2.399969	-73.925221	67.621291	100.000000	
2.499968	-80.310706	59.906357	100.000000	
2.599967	-85.894373	51.592072	100.000000	
2.699965	-90.620349	42.761453	100.000000	
2.799964	-94.441327	33.502681	100.000000	
2.899963	-97.319038	23.908228	100.000000	
2.999961	-99.224634	14.073925	100.000000	
3.099960	-100.138976	4.098014	100.000000	
3.199959	-100.052831	-5.919842	100.000000	
3.299958	-98.966957	-15.879550	100.000000	
3.399956	-96.892105	-25.681587	100.000000	
3.499955	-93.848909	-35.227996	100.000000	
3.599954	-89.867679	-44.423365	100.000000	
3.699952	-84.988101	-53.175781	100.000000	
3.799951	-79.258841	-61.397744	100.000000	
3.899950	-72.737061	-69.007049	100.000000	
3.999949	-65.496255	-75.849347	100.000000	
4.099947	-57.601784	-81.981224	100.000000	
4.199946	-49.131205	-87.389552	100.000000	
4.299945	-40.164032	-91.838456	100.000000	
4.399943	-30.793219	-95.487822	100.000000	
4.499942	-21.124162	-97.996204	100.000000	
4.599941	-11.237005	-99.604525	100.000000	
4.699939	-1.235708	-100.342048	100.000000	
4.799938	8.787427	-99.937146	100.000000	
4.899937	18.720845	-98.541559	100.000000	
4.999936	28.465729	-96.177168	100.000000	
5.099934	37.925281	-92.737424	100.000000	
5.199933	46.991446	-88.412600	100.000000	
5.299932	55.585323	-83.267843	100.000000	
5.399930	63.623618	-77.306528	100.000000	
5.499929	71.013666	-70.268312	100.000000	
5.599928	77.673499	-62.735082	100.000000	
5.699927	83.551980	-54.653866	100.000000	
5.799925	88.594245	-46.025749	100.000000	
5.899924	92.751112	-36.952869	100.000000	
5.999923	95.981633	-27.510103	100.000000	
6.099921	98.250800	-17.719572	100.000000	
6.199920	99.529296	-7.719021	100.000000	
6.299919	99.804593	2.311762	100.000000	
6.399918	99.080162	12.264525	100.000000	
6.499916	97.365659	22.095738	100.000000	
6.599915	94.678116	31.707155	100.000000	
6.699914	91.044289	41.002729	100.000000	
6.799912	86.500391	49.889526	100.000000	
6.899911	81.091737	58.278719	100.000000	
6.999910	74.872280	66.086435	100.000000	
7.099909	67.902880	73.250645	100.000000	
7.199907	60.251136	79.731817	100.000000	
7.299906	51.992669	85.360758	100.000000	
7.399905	43.213344	90.129362	100.000000	
7.499903	34.001340	94.005877	100.000000	
7.599902	24.447894	96.935521	100.000000	
7.699901	14.655828	98.545272	100.000000	
7.799900	4.742800	99.666613	100.000000	
7.899898	-5.231086	99.647170	100.000000	
7.999897	-15.153700	98.632061	100.000000	
8.099896	-24.925891	96.631327	100.000000	
8.199894	-34.450003	93.664861	100.000000	
8.299893	-43.630845	89.762208	100.000000	
8.399892	-52.376650	84.962268	100.000000	
8.499891	-60.599987	79.312913	100.000000	
8.599889	-68.218636	72.870506	100.000000	
8.699888	-75.156412	65.699338	100.000000	
8.799887	-81.343926	57.870992	100.000000	
8.899885	-86.719277	49.463620	100.000000	
8.999884	-91.228675	40.561172	100.000000	
9.099883	-94.826975	31.252549	100.000000	
9.199882	-97.478132	21.630723	100.000000	
9.299880	-99.155561	11.791802	100.000000	
9.399879	-99.842404	1.834074	100.000000	
9.499878	-99.531700	-8.142976	100.000000	
9.599876	-98.223749	-18.068034	100.000000	
9.699875	-95.934081	-27.785047	100.000000	
9.799874	-92.685620	-37.225407	100.000000	
9.899873	-88.510728	-46.294757	100.000000	
9.999871	-83.451026	-54.902443	100.000000	
10.099870	-77.556984	-62.962409	100.000000	
10.199869	-70.886297	-70.449706	100.000000	
10.299867	-63.502206	-77.178350	100.000000	
10.399866	-55.483277	-83.046207	100.000000	
10.499865	-46.918090	-88.150760	100.000000	
10.599864	-37.886457	-92.374974	100.000000	
10.699862	-28.471016	-95.737291	100.000000	
10.799861	-18.773815	-98.175998	100.000000	
10.899860	-8.869897	-99.752840	100.000000	
10.999858	1.135919	-100.271710	100.000000	
11.099857	11.140686	-99.646373	100.000000	
11.199856	21.032627	-98.009310	100.000000	
11.299855	30.712202	-95.408531	100.000000	
11.399853	40.082010	-91.766531	100.000000	
11.499852	49.045468	-87.310990	100.000000	
11.599851	57.519387	-81.966603	100.000000	
11.699849	65.418131	-75.794384	100.000000	
11.799848	72.654104	-68.768631	100.000000	
11.899847	79.152855	-61.047170	100.000000	
11.999846	84.855603	-52.834862	100.000000	
12.099844	89.709646	-44.085601	100.000000	
12.199843	93.667322	-34.911206	100.000000	
12.299842	96.689166	-25.355067	100.000000	
12.399840	98.738658	-15.496617	100.000000	
12.499839	99.793380	-5.450029	100.000000	
12.599838	99.836261	4.651740	100.000000	
12.699836	98.878055	14.596127	100.000000	
12.799835	96.931771	24.395629	100.000000	
12.899834	94.016760	33.952353	100.000000	
12.999833	90.162050	43.170795	100.000000	
13.099831	85.406063	51.958796	100.000000	
13.199830	79.796230	60.228500	100.000000	
13.299829	73.388521	67.897242	100.000000	
13.399827	66.246874	74.888432	100.000000	
13.499826	58.442574	81.131929	100.000000	
13.599825	50.052662	86.581364	100.000000	
13.699824	41.161069	91.150246	100.000000	
13.799822	31.861619	94.736953	100.000000	
13.899821	22.245648	97.457355	100.000000	
13.999820	12.417598	98.972643	100.000000	
14.099818	2.473534	99.726777	100.000000	
14.199817	-7.495135	99.480480	100.000000	
14.299816	-17.389909	98.240158	100.000000	
14.399815	-27.111914	96.018106	100.000000	
14.499813	-36.563991	92.836428	100.000000	
14.599812	-45.651670	88.726817	100.000000	
14.699811	-54.284109	83.730245	100.000000	
14.799809	-62.375010	77.896549	100.000000	
14.899808	-69.843474	71.283934	100.000000	
14.999807	-76.614815	63.958394	100.000000	
15.099806	-82.621304	55.993055	100.000000	
15.199804	-87.802850	47.467442	100.000000	
15.299803	-92.107596	38.466686	100.000000	
15.399802	-95.492442	29.080674	100.000000	
15.499800	-97.923475	19.403151	100.000000	
15.599799	-99.376308	9.530786	100.000000	
15.699798	-99.836326	-0.437798	100.000000	
15.799797	-99.298835	-10.403005	100.000000	
15.899795	-97.769105	-20.265262	100.000000	
15.999794	-95.262321	-29.926017	100.000000	
16.099793	-91.803434	-39.288721	100.000000	
16.199791	-87.426910	-48.259792	100.000000	
16.299790	-82.176387	-56.749553	100.000000	
16.399789	-76.104239	-64.673127	100.000000	
16.499788	-69.271385	-71.943292	100.000000	
16.599786	-61.748449	-78.351088	100.000000	
16.699785	-53.628051	-84.033842	100.000000	
16.799784	-44.996393	-88.814838	100.000000	
16.899782	-35.906325	-92.794081	100.000000	
16.999781	-26.469919	-95.759718	100.000000	
17.099780	-16.764364	-98.317028	100.000000	
17.199779	-6.867972	-99.464530	100.000000	
17.299777	3.096012	-99.650267	100.000000	
17.399776	13.026653	-98.816434	100.000000	
17.499775	22.822540	-96.947357	100.000000	
17.599773	32.389817	-94.309341	100.000000	
17.699772	41.640268	-90.521091	100.000000	
17.799771	50.469167	-85.884238	100.000000	
17.899770	58.790878	-80.380886	100.000000	
17.999768	66.524891	-74.057567	100.000000	
18.099767	73.575378	-66.810092	100.000000	
18.199766	79.880434	-59.118146	100.000000	
18.299764	85.386795	-50.842757	100.000000	
18.399763	90.038468	-42.042607	100.000000	
18.499762	93.790551	-32.845491	100.000000	
18.599761	96.605258	-23.287390	100.000000	
18.699759	98.450093	-13.479505	100.000000	
18.799758	99.303520	-3.480040	100.000000	
18.899757	99.155735	6.507206	100.000000	
18.999755	98.015649	16.374481	100.000000	
19.099754	95.896083	26.079128	100.000000	
19.199753	92.818117	35.524137	100.000000	
19.299752	88.812414	44.615124	100.000000	
19.399750	83.918905	53.261230	100.000000	
19.499749	78.186397	61.376019	100.000000	
19.599748	71.672084	68.878372	100.000000	
19.699746	64.440968	75.693444	100.000000	
19.799745	56.564946	81.823690	100.000000	
19.899744	48.115640	87.074255	100.000000	
19.999743	39.183620	91.463293	100.000000	
20.099741	29.858387	94.922895	100.000000	
20.199740	20.236522	97.330676	100.000000	
20.299739	10.419218	98.869635	100.000000	
20.399737	0.509395	99.157452	100.000000	
20.499736	-9.392719	98.717877	100.000000	
20.599735	-19.201972	97.291878	100.000000	
20.699733	-28.820341	94.893605	100.000000	
20.799732	-38.151702	91.546924	100.000000	
20.899731	-47.102787	87.285179	100.000000	
20.999730	-55.584120	82.150862	100.000000	
21.099728	-63.510910	76.195187	100.000000	
21.199727	-70.803896	69.477581	100.000000	
21.299726	-77.390146	62.065090	100.000000	
21.399724	-83.203779	54.031709	100.000000	
21.499723	-88.186630	45.457644	100.000000	
21.599722	-92.288825	36.428513	100.000000	
21.699721	-95.469290	27.034488	100.000000	
21.799719	-97.696153	17.369397	100.000000	
21.899718	-98.947065	7.529786	100.000000	
21.999717	-99.209432	-2.386047	100.000000	
22.099715	-98.480534	-12.279030	100.000000	
22.199714	-96.767554	-22.050312	100.000000	
22.299713	-94.087510	-31.602247	100.000000	
22.399712	-90.467084	-40.839370	100.000000	
22.499710	-85.940190	-49.708710	100.000000	
22.599709	-80.552364	-58.042876	100.000000	
22.699708	-74.359127	-65.797915	100.000000	
22.799706	-67.416152	-73.070043	100.000000	
22.899705	-59.787617	-79.439277	100.000000	
22.999704	-51.552521	-85.225803	100.000000	
23.099703	-42.787899	-90.001234	100.000000	
23.199701	-33.602905	-93.676383	100.000000	
23.299700	-24.128114	-95.777066	100.000000	
23.399699	-14.440758	-97.802903	100.000000	
23.499697	-4.612957	-98.459511	100.000000	
23.599696	5.238372	-98.376856	100.000000	
23.699695	15.027700	-97.239507	100.000000	
23.799694	24.660385	-95.234269	100.000000	
23.899692	34.046326	-92.301227	100.000000	
23.999691	43.093018	-88.445626	100.000000	
24.099690	51.708938	-83.681927	100.000000	
24.199688	59.807745	-78.105572	100.000000	
24.299687	67.309265	-71.676240	100.000000	
24.399686	74.129774	-64.545831	100.000000	
24.499685	80.207197	-56.825692	100.000000	
24.599683	85.480918	-48.464804	100.000000	
24.699682	89.896276	-39.682947	100.000000	
24.799681	93.413481	-30.511694	100.000000	
24.899679	95.997658	-21.034657	100.000000	
24.999678	97.622438	-11.338510	100.000000	
25.099677	98.269645	-1.488160	100.000000	
25.199676	97.923644	8.425822	100.000000	
25.299674	96.598106	18.160557	100.000000	
25.399673	94.307234	27.714838	100.000000	
25.499672	91.073823	36.993123	100.000000	
25.599670	86.930088	45.902699	100.000000	
25.699669	81.917339	54.354553	100.000000	
25.799668	76.085576	62.264104	100.000000	
25.899667	69.492989	69.552332	100.000000	
25.999665	62.205374	76.146312	100.000000	
26.099664	54.296200	81.868134	100.000000	
26.199663	45.853902	86.891987	100.000000	
26.299661	36.952065	91.040140	100.000000	
26.399660	27.680116	94.279043	100.000000	
26.499659	18.130663	96.576243	100.000000	
26.599658	8.408432	97.805135	100.000000	
26.699656	-1.395098	98.065149	100.000000	
26.799655	-11.178741	97.440838	100.000000	
26.899654	-20.851664	95.842844	100.000000	
26.999652	-30.317207	93.287037	100.000000	
27.099651	-39.480768	89.798859	100.000000	
27.199650	-48.250758	85.413069	100.000000	
27.299649	-56.539508	80.173402	100.000000	
27.399647	-64.264148	74.132125	100.000000	
27.499646	-71.347440	67.349522	100.000000	
27.599645	-77.718542	59.893290	100.000000	
27.699643	-83.313725	51.837865	100.000000	
27.799642	-88.077004	43.263674	100.000000	
27.899641	-91.960701	34.256338	100.000000	
27.999640	-94.925925	24.905816	100.000000	
28.099638	-96.942953	15.305501	100.000000	
28.199637	-97.991538	5.551295	100.000000	
28.299636	-98.059881	-4.289179	100.000000	
28.399634	-97.146665	-14.057981	100.000000	
28.499633	-95.262677	-23.687295	100.000000	
28.599632	-92.427669	-32.952895	100.000000	
28.699630	-88.678498	-42.054600	100.000000	
28.799629	-84.041291	-50.700007	100.000000	
28.899628	-78.563888	-58.839688	100.000000	
28.999627	-72.300934	-66.392263	100.000000	
29.099625	-65.311924	-73.341099	100.000000	
29.199624	-57.666735	-79.498913	100.000000	
29.299623	-49.441288	-84.919974	100.000000	
29.399621	-40.720527	-89.404117	100.000000	
29.499620	-31.593281	-93.027349	100.000000	
29.599619	-22.160228	-95.672538	100.000000	
29.699618	-12.503713	-97.485040	100.000000	
29.799616	-2.710540	-98.114989	100.000000	
29.899615	7.108249	-98.002766	100.000000	
29.999614	16.856313	-96.760401	100.000000	
30.099612	26.433217	-94.598947	100.000000	
30.199611	35.739589	-91.369139	100.000000	
30.299610	44.684849	-87.349098	100.000000	
30.399609	53.184518	-82.455870	100.000000	
30.499607	61.153094	-76.730278	100.000000	
30.599606	68.504810	-70.037056	100.000000	
30.699605	75.143879	-62.635859	100.000000	
30.799603	81.022514	-54.768021	100.000000	
30.899602	86.089202	-46.400104	100.000000	
30.999601	90.294689	-37.559509	100.000000	
31.099600	93.597925	-28.358982	100.000000	
31.199598	95.966269	-18.874178	100.000000	
31.299597	97.375021	-9.143343	100.000000	
31.399596	97.805795	0.647511	100.000000	
31.499594	97.257403	10.408952	100.000000	
31.599593	95.737170	20.067363	100.000000	
31.699592	93.260187	29.526252	100.000000	
31.799591	89.851109	38.691040	100.000000	
31.899589	85.543903	47.470213	100.000000	
31.999588	80.381516	55.775879	100.000000	
32.099587	74.415448	63.525068	100.000000	
32.199585	67.705229	70.640358	100.000000	
32.299584	60.317831	77.050464	100.000000	
32.399583	52.326565	82.707324	100.000000	
32.499582	43.810499	87.522386	100.000000	
32.599580	34.855654	91.471413	100.000000	
32.699579	25.548615	94.598951	100.000000	
32.799578	15.977996	96.570036	100.000000	
32.899576	6.250053	97.819947	100.000000	
32.999575	-3.546921	97.960118	100.000000	
33.099574	-13.309434	97.121494	100.000000	
33.199573	-22.939937	95.312358	100.000000	
33.299571	-32.342189	92.550687	100.000000	
33.399570	-41.422221	88.863983	100.000000	
33.499569	-50.089273	84.288989	100.000000	
33.599567	-58.256704	78.871329	100.000000	
33.699566	-65.842856	72.665052	100.000000	
33.799565	-72.771871	65.732091	100.000000	
33.899564	-78.974449	58.141648	100.000000	
33.999562	-84.388541	49.969499	100.000000	
34.099561	-88.959972	41.297242	100.000000	
34.199560	-92.642979	32.211480	100.000000	
34.299558	-95.400676	22.802954	100.000000	
34.399557	-97.205412	13.165643	100.000000	
34.499556	-98.039061	3.395817	100.000000	
34.599555	-97.893196	-6.408917	100.000000	
34.699553	-96.769177	-16.150594	100.000000	
34.799552	-94.678135	-25.731870	100.000000	
34.899551	-91.640869	-35.056994	100.000000	
34.999549	-87.687632	-44.032765	100.000000	
35.099548	-82.857833	-52.569462	100.000000	
35.199547	-77.196548	-60.628564	100.000000	
35.299546	-70.761761	-68.035780	100.000000	
35.399544	-63.619357	-74.739930	100.000000	
35.499543	-55.842750	-80.777441	100.000000	
35.599542	-47.504718	-85.928920	100.000000	
35.699540	-38.691463	-90.222662	100.000000	
35.799539	-29.490412	-93.735610	100.000000	
35.899538	-20.017837	-95.863353	100.000000	
35.999537	-10.343773	-97.476445	100.000000	
36.099535	-0.560851	-98.027025	100.000000	
36.199534	9.228558	-97.590185	100.000000	
36.299533	18.923488	-96.114213	100.000000	
36.399531	28.424639	-93.733605	100.000000	
36.499530	37.639381	-90.360226	100.000000	
36.599529	46.472966	-86.107533	100.000000	
36.699528	54.839188	-81.017938	100.000000	
36.799526	62.656549	-75.142242	100.000000	
36.899525	69.840498	-68.275123	100.000000	
36.999524	76.309699	-60.924822	100.000000	
37.099522	82.013952	-52.980725	100.000000	
37.199521	86.896239	-44.498445	100.000000	
37.299520	90.908263	-35.594678	100.000000	
37.399518	94.012302	-26.342613	100.000000	
37.499517	96.177288	-16.826412	100.000000	
37.599516	97.374680	-6.997097	100.000000	
37.699515	97.591636	2.759112	100.000000	
37.799513	96.833488	12.488728	100.000000	
37.899512	95.107713	22.094530	100.000000	
37.999511	92.431458	31.480534	100.000000	
38.099509	88.831368	40.552918	100.000000	
38.199508	84.343322	49.221047	100.000000	
38.299507	79.012075	57.398191	100.000000	
38.399506	72.890810	65.002694	100.000000	
38.499504	66.040609	71.958464	100.000000	
38.599503	58.529848	78.195860	100.000000	
38.699502	50.434889	83.646650	100.000000	
38.799500	41.833609	88.276168	100.000000	
38.899499	32.812943	92.024085	100.000000	
38.999498	23.471282	94.725150	100.000000	
39.099497	13.898108	96.599945	100.000000	
39.199495	4.170043	97.778167	100.000000	
39.299494	-5.620853	97.837667	100.000000	
39.399493	-15.360884	96.792594	100.000000	
39.499491	-24.948403	94.780273	100.000000	
39.599490	-34.287600	91.820715	100.000000	
39.699489	-43.285131	87.943397	100.000000	
39.799488	-51.851061	83.186968	100.000000	
39.899486	-59.899756	77.598867	100.000000	
39.999485	-67.350743	71.234846	100.000000	
40.099484	-74.129512	64.158417	100.000000	
40.199482	-80.168264	56.440214	100.000000	
40.299481	-85.406586	48.157293	100.000000	
40.399480	-89.792056	39.392361	100.000000	
40.499479	-93.280772	30.232947	100.000000	
40.599477	-95.837783	20.770532	100.000000	
40.699476	-97.293372	11.116762	100.000000	
40.799475	-97.922033	1.348288	100.000000	
40.899473	-97.572327	-8.434635	100.000000	
40.999472	-96.247652	-18.134258	100.000000	
41.099471	-93.961146	-27.653656	100.000000	
41.199470	-90.735561	-36.897693	100.000000	
41.299468	-86.603032	-45.773976	100.000000	
41.399467	-81.604760	-54.193779	100.000000	
41.499466	-75.790600	-62.072924	100.000000	
41.599464	-69.218566	-69.332631	100.000000	
41.699463	-61.954521	-75.884301	100.000000	
41.799462	-54.070854	-81.690658	100.000000	
41.899461	-45.643749	-86.708451	100.000000	
41.999459	-36.761992	-90.820552	100.000000	
42.099458	-27.512632	-93.935678	100.000000	
42.199457	-17.991337	-96.295072	100.000000	
42.299455	-8.274225	-97.944213	100.000000	
42.399454	1.552570	-98.409193	100.000000	
42.499453	11.364037	-97.655406	100.000000	
42.599452	21.056932	-96.021868	100.000000	
42.699450	30.538552	-93.436724	100.000000	
42.799449	39.714686	-89.893741	100.000000	
42.899448	48.490140	-85.404208	100.000000	
42.999446	56.775223	-80.092722	100.000000	
43.099445	64.490615	-74.028063	100.000000	
43.199444	71.555174	-67.079609	100.000000	
43.299443	77.895834	-59.572072	100.000000	
43.399441	83.455587	-51.460629	100.000000	
43.499440	88.180136	-42.866154	100.000000	
43.599439	92.023628	-33.850242	100.000000	
43.699437	94.947991	-24.495452	100.000000	
43.799436	96.922158	-14.839001	100.000000	
43.899435	97.917702	-4.929366	100.000000	
43.999434	97.922623	4.919321	100.000000	
44.099432	96.947169	14.671298	100.000000	
44.199431	95.002930	24.277662	100.000000	
44.299430	92.109237	33.642399	100.000000	
44.399428	88.294907	42.671921	100.000000	
44.499427	83.597961	51.275972	100.000000	
44.599426	78.065242	59.368537	100.000000	
44.699425	71.751950	66.868723	100.000000	
44.799423	64.721086	73.701497	100.000000	
44.899422	57.042833	79.798537	100.000000	
44.999421	48.793013	85.114821	100.000000	
45.099419	40.054066	89.565197	100.000000	
45.199418	30.913637	93.129080	100.000000	
45.299417	21.462848	95.762792	100.000000	
45.399415	11.797662	97.424225	100.000000	
45.499414	2.011222	98.152175	100.000000	
45.599413	-7.808925	98.002827	100.000000	
45.699412	-17.554623	96.738486	100.000000	
45.799410	-27.125891	94.507417	100.000000	
45.899409	-36.427076	91.331814	100.000000	
45.999408	-45.365215	87.243315	100.000000	
46.099406	-53.850963	82.282679	100.000000	
46.199405	-61.799485	76.499386	100.000000	
46.299404	-69.131307	69.951139	100.000000	
46.399403	-75.773110	62.703292	100.000000	
46.499401	-81.658457	54.828195	100.000000	
46.599400	-86.728469	46.404471	100.000000	
46.699399	-90.932405	37.516235	100.000000	
46.799397	-94.228172	28.252251	100.000000	
46.899396	-96.455032	18.711310	100.000000	
46.999395	-97.846055	8.988972	100.000000	
47.099394	-98.259549	-0.824156	100.000000	
47.199392	-97.691283	-10.630030	100.000000	
47.299391	-96.146838	-20.330671	100.000000	
47.399390	-93.641548	-29.829141	100.000000	
47.499388	-90.207897	-38.902731	100.000000	
47.599387	-85.877801	-47.716418	100.000000	
47.699386	-80.686669	-56.098336	100.000000	
47.799385	-74.686905	-63.876402	100.000000	
47.899383	-67.940216	-71.076916	100.000000	
47.999382	-60.509245	-77.476350	100.000000	
48.099381	-52.476237	-83.118275	100.000000	
48.199379	-43.914995	-87.953043	100.000000	
48.299378	-34.916820	-91.902380	100.000000	
48.399377	-25.588149	-94.349522	100.000000	
48.499376	-16.068151	-96.126159	100.000000	
48.599374	-6.397674	-97.308014	100.000000	
48.699373	3.348915	-97.465460	100.000000	
48.799372	13.054255	-96.481317	100.000000	
48.899370	22.620487	-94.676905	100.000000	
48.999369	31.971178	-92.069836	100.000000	
49.099368	41.004881	-88.414558	100.000000	
49.199367	49.628531	-83.867470	100.000000	
49.299365	57.754425	-78.465956	100.000000	
49.399364	65.302513	-72.287836	100.000000	
49.499363	72.192984	-65.314783	100.000000	
49.599361	78.354183	-57.752306	100.000000	
49.699360	83.730684	-49.612073	100.000000	
49.799359	88.269334	-40.999277	100.000000	
49.899358	91.926004	-31.983946	100.000000	
49.999356	94.664524	-22.648133	100.000000	
50.099355	96.456743	-13.061097	100.000000	
50.199354	97.276904	-3.222499	100.000000	
50.299352	97.117499	6.505279	100.000000	
50.399351	95.987690	16.169030	100.000000	
50.499350	93.898667	25.672188	100.000000	
50.599349	90.871209	34.919801	100.000000	
50.699347	86.935470	43.819412	100.000000	
50.799346	82.130685	52.282065	100.000000	
50.899345	76.504779	60.223166	100.000000	
50.999343	70.113881	67.563360	100.000000	
51.099342	63.021763	74.229256	100.000000	
51.199341	55.299225	80.154028	100.000000	
51.299340	47.022217	85.310478	100.000000	
51.399338	38.272495	89.583095	100.000000	
51.499337	29.142361	92.849103	100.000000	
51.599336	19.720862	95.400173	100.000000	
51.699334	10.105137	96.801648	100.000000	
51.799333	0.390759	97.331736	100.000000	
51.899332	-9.328495	96.889347	100.000000	
51.999331	-18.955510	95.478804	100.000000	
52.099329	-28.394086	93.114104	100.000000	
52.199328	-37.549895	89.818780	100.000000	
52.299327	-46.331424	85.625665	100.000000	
52.399325	-54.650891	80.576567	100.000000	
52.499324	-62.425123	74.721850	100.000000	
52.599323	-69.576387	68.119933	100.000000	
52.699322	-76.033164	60.836708	100.000000	
52.799320	-81.730871	52.944879	100.000000	
52.899319	-86.612499	44.523240	100.000000	
52.999318	-90.629192	35.655887	100.000000	
53.099316	-93.740728	26.431376	100.000000	
53.199315	-95.915926	16.941843	100.000000	
53.299314	-97.132957	7.282079	100.000000	
53.399312	-97.379567	-2.451413	100.000000	
53.499311	-96.653193	-12.161385	100.000000	
53.599310	-94.960997	-21.750812	100.000000	
53.699309	-92.319789	-31.123867	100.000000	
53.799307	-88.755866	-40.186872	100.000000	
53.899306	-84.309225	-48.721319	100.000000	
53.999305	-79.028043	-56.897536	100.000000	
54.099303	-72.956692	-64.506057	100.000000	
54.199302	-66.154025	-71.530507	100.000000	
54.299301	-58.685564	-77.773350	100.000000	
54.399300	-50.626901	-83.362831	100.000000	
54.499298	-42.056203	-87.860989	100.000000	
54.599297	-33.069384	-91.583595	100.000000	
54.699296	-23.758104	-94.455763	100.000000	
54.799294	-14.248756	-95.769215	100.000000	
54.899293	-4.618476	-96.694153	100.000000	
54.999292	5.037778	-96.389807	100.000000	
55.099291	14.636105	-95.377863	100.000000	
55.199289	24.085009	-93.420929	100.000000	
55.299288	33.292757	-90.554299	100.000000	
55.399287	42.163969	-86.692121	100.000000	
55.499285	50.609587	-82.037848	100.000000	
55.599284	58.547895	-76.555196	100.000000	
55.699283	65.900742	-70.235306	100.000000	
55.799282	72.580674	-63.188773	100.000000	
55.899280	78.528500	-55.598062	100.000000	
55.999279	83.685789	-47.411227	100.000000	
56.099278	88.004431	-38.805811	100.000000	
56.199276	91.443422	-29.827775	100.000000	
56.299275	93.969063	-20.550805	100.000000	
56.399274	95.556018	-11.067316	100.000000	
56.499273	96.188305	-1.464545	100.000000	
56.599271	95.858775	8.145856	100.000000	
56.699270	94.571401	17.675825	100.000000	
56.799269	92.338949	27.030132	100.000000	
56.899267	89.183632	36.115292	100.000000	
56.999266	85.136885	44.840507	100.000000	
57.099265	80.239053	53.118552	100.000000	
57.199264	74.538990	60.866661	100.000000	
57.299262	68.093570	68.007370	100.000000	
57.399261	60.967121	74.469278	100.000000	
57.499260	53.230677	80.195741	100.000000	
57.599258	44.959976	85.129465	100.000000	
57.699257	36.227440	89.343884	100.000000	
57.799256	27.124170	92.615477	100.000000	
57.899255	17.742984	94.881392	100.000000	
57.999253	8.182543	96.183519	100.000000	
58.099252	-1.459206	96.444999	100.000000	
58.199251	-11.080780	95.822300	100.000000	
58.299249	-20.592598	94.242092	100.000000	
58.399248	-29.899607	91.720067	100.000000	
58.499247	-38.908793	88.281331	100.000000	
58.599246	-47.530106	83.960151	100.000000	
58.699244	-55.677365	78.799618	100.000000	
58.799243	-63.269115	72.851209	100.000000	
58.899242	-70.229445	66.174283	100.000000	
58.999240	-76.488744	58.835481	100.000000	
59.099239	-81.984401	50.908066	100.000000	
59.199238	-86.661427	42.471190	100.000000	
59.299237	-90.473007	33.609101	100.000000	
59.399235	-93.380971	24.410307	100.000000	
59.499234	-95.356171	14.966687	100.000000	
59.599233	-96.378777	5.372576	100.000000	
59.699231	-96.438477	-4.276176	100.000000	
59.799230	-95.534579	-13.883167	100.000000	
59.899229	-93.676018	-23.352400	100.000000	
59.999228	-90.881267	-32.589245	100.000000	
60.099226	-87.178160	-41.501385	100.000000	
60.199225	-82.603606	-49.999738	100.000000	
60.299224	-77.203227	-57.999349	100.000000	
60.399222	-71.030900	-65.420236	100.000000	
60.499221	-64.143548	-72.179083	100.000000	
60.599220	-56.619870	-78.264752	100.000000	
60.699219	-48.526109	-83.530423	100.000000	
60.799217	-39.945719	-88.051819	100.000000	
60.899216	-30.958077	-91.564321	100.000000	
60.999215	-21.688390	-93.586238	100.000000	
61.099213	-12.247778	-95.234129	100.000000	
61.199212	-2.694162	-95.826889	100.000000	
61.299211	6.885638	-95.589921	100.000000	
61.399209	16.392352	-94.357754	100.000000	
61.499208	25.729850	-92.230320	100.000000	
61.599207	34.809478	-89.156873	100.000000	
61.699206	43.534844	-85.176766	100.000000	
61.799204	51.822225	-80.369118	100.000000	
61.899203	59.588069	-74.773896	100.000000	
61.999202	66.756347	-68.383003	100.000000	
62.099200	73.245649	-61.252038	100.000000	
62.199199	78.998267	-53.620462	100.000000	
62.299198	83.959285	-45.428101	100.000000	
62.399197	88.078554	-36.805193	100.000000	
62.499195	91.317442	-27.829650	100.000000	
62.599194	93.644219	-18.575138	100.000000	
62.699193	95.033764	-9.100551	100.000000	
62.799191	95.472301	0.432353	100.000000	
62.899190	94.956932	9.961900	100.000000	
62.999189	93.492709	19.392850	100.000000	
63.099188	91.094170	28.630979	100.000000	
63.199186	87.785182	37.583981	100.000000	
63.299185	83.598723	46.162307	100.000000	
63.399184	78.576534	54.280241	100.000000	
63.499182	72.768714	61.856623	100.000000	
63.599181	66.233215	68.815747	100.000000	
63.699180	59.035261	75.087916	100.000000	
63.799179	51.242294	80.791409	100.000000	
63.899177	42.922247	85.515673	100.000000	
63.999176	34.171652	89.417933	100.000000	
64.099175	25.075400	92.387530	100.000000	
64.199173	15.754611	93.955728	100.000000	
64.299172	6.296419	95.063919	100.000000	
64.399171	-3.225630	95.222351	100.000000	
64.499170	-12.716402	94.429345	100.000000	
64.599168	-22.081062	92.692730	100.000000	
64.699167	-31.226025	90.029764	100.000000	
64.799166	-40.059896	86.466962	100.000000	
64.899164	-48.494374	82.039834	100.000000	
64.999163	-56.445145	76.792528	100.000000	
65.099162	-63.832716	70.777394	100.000000	
65.199161	-70.583214	64.054456	100.000000	
65.299159	-76.629127	56.690820	100.000000	
65.399158	-81.909973	48.759997	100.000000	
65.499157	-86.372909	40.341176	100.000000	
65.599155	-89.973261	31.518427	100.000000	
65.699154	-92.674970	22.379866	100.000000	
65.799153	-94.450951	13.016773	100.000000	
65.899152	-95.283361	3.522681	100.000000	
65.999150	-95.163792	-6.007559	100.000000	
66.099149	-94.093342	-15.478725	100.000000	
66.199148	-92.082613	-24.796177	100.000000	
66.299146	-89.151601	-33.866800	100.000000	
66.399145	-85.329502	-42.599936	100.000000	
66.499144	-80.654415	-50.908291	100.000000	
66.599143	-75.172969	-58.708807	100.000000	
66.699141	-68.939853	-65.923490	100.000000	
66.799140	-62.017273	-72.480193	100.000000	
66.899139	-54.474953	-78.289344	100.000000	
66.999137	-46.389985	-83.324762	100.000000	
67.099136	-37.843049	-87.528147	100.000000	
67.199135	-28.917120	-91.038548	100.000000	
67.299134	-19.685596	-93.467296	100.000000	
67.399132	-10.244500	-95.187017	100.000000	
67.499131	-0.693735	-95.474987	100.000000	
67.599130	8.833446	-94.920060	100.000000	
67.699128	18.260555	-93.448626	100.000000	
67.799127	27.499388	-91.155371	100.000000	
67.899126	36.463174	-87.919075	100.000000	
67.999125	45.057844	-83.771914	100.000000	
68.099123	53.196881	-78.826948	100.000000	
68.199122	60.803617	-73.125805	100.000000	
68.299121	67.802567	-66.645688	100.000000	
68.399119	74.107927	-59.395156	100.000000	
68.499118	79.667042	-51.638833	100.000000	
68.599117	84.426307	-43.397785	100.000000	
68.699116	88.338411	-34.705881	100.000000	
68.799114	91.366424	-25.714780	100.000000	
68.899113	93.481816	-16.465840	100.000000	
68.999112	94.663358	-7.051450	100.000000	
69.099110	94.899151	2.434346	100.000000	
69.199109	94.186743	11.896797	100.000000	
69.299108	92.533156	21.241284	100.000000	
69.399107	89.954820	30.374472	100.000000	
69.499105	86.477406	39.205066	100.000000	
69.599104	82.135569	47.644836	100.000000	
69.699103	76.972606	55.609361	100.000000	
69.799101	71.040023	63.019037	100.000000	
69.899100	64.397018	69.799829	100.000000	
69.999099	57.109899	75.883811	100.000000	
70.099097	49.240050	81.363367	100.000000	
70.199096	40.872546	85.892904	100.000000	
70.299095	32.093740	89.580646	100.000000	
70.399094	22.982928	92.438150	100.000000	
70.499092	13.643210	94.163786	100.000000	
70.599091	4.174690	95.060152	100.000000	
70.699090	-5.336490	95.006775	100.000000	
70.799088	-14.795299	94.004093	100.000000	
70.899087	-24.107221	92.062031	100.000000	
70.999086	-33.179196	89.199898	100.000000	
71.099085	-41.920555	85.446202	100.000000	
71.199083	-50.243920	80.838360	100.000000	
71.299082	-58.066086	75.422327	100.000000	
71.399081	-65.308843	69.252139	100.000000	
71.499079	-71.899764	62.389373	100.000000	
71.599078	-77.772927	54.902531	100.000000	
71.699077	-82.869578	46.866360	100.000000	
71.799076	-87.138713	38.361100	100.000000	
71.899074	-90.537593	29.471689	100.000000	
71.999073	-93.032173	20.286910	100.000000	
72.099072	-94.597429	10.898507	100.000000	
72.199070	-95.217634	1.400268	100.000000	
72.299069	-94.886493	-8.112913	100.000000	
72.399068	-93.607222	-17.545982	100.000000	
72.499067	-91.392508	-26.804676	100.000000	
72.599065	-88.263568	-35.835429	100.000000	
72.699064	-84.247319	-44.511798	100.000000	
72.799063	-79.386711	-52.702656	100.000000	
72.899061	-73.732391	-60.367733	100.000000	
72.999060	-67.340777	-67.430387	100.000000	
73.099059	-60.275758	-73.803989	100.000000	
73.199058	-52.609552	-79.440718	100.000000	
73.299056	-44.417586	-84.358849	100.000000	
73.399055	-35.776318	-88.368158	100.000000	
73.499054	-26.787733	-91.134824	100.000000	
73.599052	-17.551328	-93.540237	100.000000	
73.699051	-8.137081	-94.365863	100.000000	
73.799050	1.323629	-94.836162	100.000000	
73.899049	10.779059	-94.082368	100.000000	
73.999047	20.117503	-92.516935	100.000000	
74.099046	29.253239	-90.034940	100.000000	
74.199045	38.097378	-86.669075	100.000000	
74.299043	46.559300	-82.397001	100.000000	
74.399042	54.549944	-77.215868	100.000000	
74.499041	61.987733	-71.371915	100.000000	
74.599040	68.800588	-64.654111	100.000000	
74.699038	74.914811	-57.433488	100.000000	
74.799037	80.276712	-49.637936	100.000000	
74.899036	84.834972	-41.361847	100.000000	
74.999034	88.543572	-32.663643	100.000000	
75.099033	91.366680	-23.662158	100.000000	
75.199032	93.277126	-14.422845	100.000000	
75.299031	94.255714	-5.038996	100.000000	
75.399029	94.292605	4.396141	100.000000	
75.499028	93.387338	13.788295	100.000000	
75.599027	91.548862	23.043616	100.000000	
75.699025	88.795454	32.069629	100.000000	
75.799024	85.154535	40.776091	100.000000	
75.899023	80.662395	49.076004	100.000000	
75.999022	75.363834	56.886380	100.000000	
76.099020	69.311714	64.129138	100.000000	
76.199019	62.566432	70.731835	100.000000	
76.299018	55.195317	76.628448	100.000000	
76.399016	47.271624	81.775979	100.000000	
76.499015	38.866569	86.180650	100.000000	
76.599014	30.071460	89.506765	100.000000	
76.699013	20.982801	92.169775	100.000000	
76.799011	11.693340	93.481933	100.000000	
76.899010	2.302538	94.187002	100.000000	
76.999009	-7.112210	93.951033	100.000000	
77.099007	-16.456834	92.776290	100.000000	
77.199006	-25.637957	90.674417	100.000000	
77.299005	-34.563827	87.666323	100.000000	
77.399004	-43.145229	83.781975	100.000000	
77.499002	-51.296386	79.060096	100.000000	
77.599001	-58.935810	73.547783	100.000000	
77.699000	-65.987116	67.300036	100.000000	
77.798998	-72.379790	60.379208	100.000000	
77.898997	-78.049890	52.854385	100.000000	
77.998996	-82.940690	44.800692	100.000000	
78.098994	-87.003243	36.298549	100.000000	
78.198993	-90.196874	27.432864	100.000000	
78.298992	-92.489588	18.292186	100.000000	
78.398991	-93.858381	8.967819	100.000000	
78.498989	-94.289486	-0.447087	100.000000	
78.598988	-93.778502	-9.858467	100.000000	
78.698987	-92.330440	-19.172284	100.000000	
78.798985	-89.959675	-28.295464	100.000000	
78.898984	-86.689805	-37.136832	100.000000	
78.998983	-82.553410	-45.608016	100.000000	
79.098982	-77.591736	-53.624337	100.000000	
79.198980	-71.854276	-61.105650	100.000000	
79.298979	-65.398281	-67.977150	100.000000	
79.398978	-58.290497	-74.122174	100.000000	
79.498976	-50.602055	-79.575125	100.000000	
79.598975	-42.396035	-84.407154	100.000000	
79.698974	-33.748397	-88.476339	100.000000	
79.798973	-24.763122	-91.160619	100.000000	
79.898971	-15.548492	-92.881513	100.000000	
79.998970	-6.199979	-93.958505	100.000000	
80.098969	3.211011	-94.088780	100.000000	
80.198967	12.583040	-93.207010	100.000000	
80.298966	21.820971	-91.409943	100.000000	
80.398965	30.839146	-88.779293	100.000000	
80.498964	39.547843	-85.229385	100.000000	
80.598962	47.859869	-80.827536	100.000000	
80.698961	55.687941	-75.561481	100.000000	
80.798960	62.955581	-69.620073	100.000000	
80.898958	69.591797	-62.894492	100.000000	
80.998957	75.526799	-55.635579	100.000000	
81.098956	80.707739	-47.820035	100.000000	
81.198955	85.080638	-39.477701	100.000000	
81.298953	88.600538	-30.772257	100.000000	
81.398952	91.234534	-21.774442	100.000000	
81.498951	92.957173	-12.557908	100.000000	
81.598949	93.751145	-3.214723	100.000000	
81.698948	93.608402	6.161017	100.000000	
81.798947	92.530318	15.476132	100.000000	
81.898946	90.527572	24.637551	100.000000	
81.998944	87.620082	33.553710	100.000000	
82.098943	83.836810	42.135486	100.000000	
82.198942	79.215469	50.297114	100.000000	
82.298940	73.802153	57.956985	100.000000	
82.398939	67.650871	65.038522	100.000000	
82.498938	60.823010	71.470948	100.000000	
82.598937	53.386728	77.189846	100.000000	
82.698935	45.414996	82.153993	100.000000	
82.798934	36.987046	86.305723	100.000000	
82.898933	28.196797	89.188232	100.000000	
82.998931	19.152159	91.678395	100.000000	
83.098930	9.902661	93.193049	100.000000	
83.198929	0.548621	93.744752	100.000000	
83.298928	-8.813299	93.335865	100.000000	
83.398926	-18.088093	91.994332	100.000000	
83.498925	-27.183080	89.733467	100.000000	
83.598924	-36.007365	86.575767	100.000000	
83.698922	-44.472750	82.552694	100.000000	
83.798921	-52.494614	77.704359	100.000000	
83.898920	-59.992758	72.079124	100.000000	
83.998919	-66.892210	65.733118	100.000000	
84.098917	-73.123971	58.729679	100.000000	
84.198916	-78.625706	51.138716	100.000000	
84.298915	-83.342371	43.036022	100.000000	
84.398913	-87.226758	34.502504	100.000000	
84.498912	-90.239971	25.623387	100.000000	
84.598911	-92.351816	16.487356	100.000000	
84.698910	-93.541103	7.185670	100.000000	
84.798908	-93.795852	-2.188745	100.000000	
84.898907	-93.113427	-11.542228	100.000000	
84.998906	-91.512185	-20.653844	100.000000	
85.098904	-88.997554	-29.688005	100.000000	
85.198903	-85.593415	-38.426430	100.000000	
85.298902	-81.333693	-46.781775	100.000000	
85.398901	-76.260867	-54.670518	100.000000	
85.498899	-70.425542	-62.013786	100.000000	
85.598898	-63.883848	-68.799867	100.000000	
85.698897	-56.700217	-74.813602	100.000000	
85.798895	-48.948168	-80.110740	100.000000	
85.898894	-40.708485	-84.494682	100.000000	
85.998893	-32.070229	-88.100754	100.000000	
86.098891	-23.121594	-90.706905	100.000000	
86.198890	-13.952337	-92.720433	100.000000	
86.298889	-4.626690	-93.646810	100.000000	
86.398888	4.735364	-93.517681	100.000000	
86.498886	14.043478	-92.486544	100.000000	
86.598885	23.206557	-90.603082	100.000000	
86.698884	32.137324	-87.838091	100.000000	
86.798882	40.747015	-84.163166	100.000000	
86.898881	48.944570	-79.535308	100.000000	
86.998880	56.640844	-74.223276	100.000000	
87.098879	63.770935	-68.201315	100.000000	
87.198877	70.254506	-61.345645	100.000000	
87.298876	76.031598	-54.028230	100.000000	
87.398875	81.048040	-46.130269	100.000000	
87.498873	85.252130	-37.802533	100.000000	
87.598872	88.601828	-29.064340	100.000000	
87.698871	91.065304	-20.074843	100.000000	
87.798870	92.619092	-10.883609	100.000000	
87.898868	93.247580	-1.582461	100.000000	
87.998867	92.944367	7.734930	100.000000	
88.098866	91.712433	16.975970	100.000000	
88.198864	89.563993	26.048308	100.000000	
88.298863	86.520423	34.861283	100.000000	
88.398862	82.612045	43.326806	100.000000	
88.498861	77.877825	51.360257	100.000000	
88.598859	72.364983	58.881324	100.000000	
88.698858	66.128526	65.814806	100.000000	
88.798857	59.230696	72.091367	100.000000	
88.898855	51.729083	77.864193	100.000000	
88.998854	43.699495	82.643559	100.000000	
89.098853	35.232264	86.605633	100.000000	
89.198852	26.411549	89.694769	100.000000	
89.298850	17.325754	91.896237	100.000000	
89.398849	8.065406	93.171472	100.000000	
89.498848	-1.276457	93.515874	100.000000	
89.598846	-10.606500	92.925908	100.000000	
89.698845	-19.831496	91.407376	100.000000	
89.798844	-28.859260	88.975357	100.000000	
89.898843	-37.599567	85.654061	100.000000	
89.998841	-45.965057	81.476585	100.000000	
90.098840	-53.872104	76.484585	100.000000	
90.198839	-61.241657	70.727859	100.000000	
90.298837	-68.000033	64.263849	100.000000	
90.398836	-74.079627	57.157074	100.000000	
90.498835	-79.419631	49.478481	100.000000	
90.598834	-83.966616	41.304734	100.000000	
90.698832	-87.675069	32.717457	100.000000	
90.798831	-90.507851	23.802411	100.000000	
90.898830	-92.436574	14.648641	100.000000	
90.998828	-93.441868	5.347587	100.000000	
91.098827	-93.513599	-4.007830	100.000000	
91.198826	-92.650958	-13.324136	100.000000	
91.298825	-90.873083	-22.380678	100.000000	
91.398823	-88.189210	-31.342492	100.000000	
91.498822	-84.623890	-39.992032	100.000000	
91.598821	-80.212658	-48.242839	100.000000	
91.698819	-74.999508	-56.012434	100.000000	
91.798818	-69.036448	-63.223136	100.000000	
91.898817	-62.382986	-69.802837	100.000000	
91.998816	-55.113770	-75.477908	100.000000	
92.098814	-47.301414	-80.763770	100.000000	
92.198813	-39.004358	-85.078755	100.000000	
92.298812	-30.312602	-88.491034	100.000000	
92.398810	-21.329860	-91.153898	100.000000	
92.498809	-12.122816	-92.924471	100.000000	
92.598808	-2.785550	-93.675181	100.000000	
92.698807	6.590009	-93.564902	100.000000	
92.798805	15.895728	-92.404334	100.000000	
92.898804	25.041447	-90.336355	100.000000	
92.998803	33.936509	-87.389493	100.000000	
93.098801	42.482951	-83.433338	100.000000	
93.198800	50.601524	-78.739079	100.000000	
93.298799	58.213387	-73.317710	100.000000	
93.398798	65.245027	-67.119231	100.000000	
93.498796	71.619773	-60.225521	100.000000	
93.598795	77.276684	-52.713378	100.000000	
93.698794	82.157225	-44.737584	100.000000	
93.798792	86.215780	-36.274019	100.000000	
93.898791	89.410851	-27.487079	100.000000	
93.998790	91.712856	-18.424612	100.000000	
94.098788	93.098705	-9.177143	100.000000	
94.198787	93.554460	0.162949	100.000000	
94.298786	93.075473	9.502346	100.000000	
94.398785	91.666436	18.747729	100.000000	
94.498783	89.341336	27.806727	100.000000	
94.598782	86.123313	36.588773	100.000000	
94.698781	82.044431	45.006105	100.000000	
94.798779	77.145362	52.974582	100.000000	
94.898778	71.474972	60.414553	100.000000	
94.998777	65.089840	67.251643	100.000000	
95.098776	58.053698	73.417398	100.000000	
95.198774	50.436273	78.858173	100.000000	
95.298773	42.312988	83.527529	100.000000	
95.398772	33.764562	87.338809	100.000000	
95.498770	24.901819	89.766716	100.000000	
95.598769	15.817505	91.794512	100.000000	
95.698768	6.574270	92.960838	100.000000	
95.798767	-2.739621	93.165399	100.000000	
95.898765	-12.027436	92.431089	100.000000	
95.998764	-21.196003	90.773141	100.000000	
96.098763	-30.153698	88.208031	100.000000	
96.198761	-38.810996	84.761298	100.000000	
96.298760	-47.081363	80.467292	100.000000	
96.398759	-54.882124	75.368835	100.000000	
96.498758	-62.135288	69.516789	100.000000	
96.598756	-68.768327	62.969553	100.000000	
96.698755	-74.714903	55.792476	100.000000	
96.798754	-79.915528	48.057207	100.000000	
96.898752	-84.318164	39.840981	100.000000	
96.998751	-87.878743	31.225846	100.000000	
97.098750	-90.561599	22.297843	100.000000	
97.198749	-92.339842	13.146149	100.000000	
97.298747	-93.195610	3.862184	100.000000	
97.398746	-93.120261	-5.461300	100.000000	
97.498745	-92.114455	-14.731148	100.000000	
97.598743	-90.188149	-23.854731	100.000000	
97.698742	-87.360498	-32.740872	100.000000	
97.798741	-83.659666	-41.300759	100.000000	
97.898740	-79.122545	-49.448828	100.000000	
97.998738	-73.794384	-57.103625	100.000000	
98.098737	-67.728344	-64.188613	100.000000	
98.198736	-60.985256	-70.624948	100.000000	
98.298734	-53.634954	-76.332072	100.000000	
98.398733	-45.743649	-81.368902	100.000000	
98.498732	-37.393771	-85.533371	100.000000	
98.598731	-28.667609	-88.875670	100.000000	
98.698729	-19.658597	-90.986270	100.000000	
98.798728	-10.478230	-92.482680	100.000000	
98.898727	-1.239905	-92.390355	100.000000	
98.998725	7.995294	-92.055839	100.000000	
99.098724	17.145590	-90.762317	100.000000	
99.198723	26.122232	-88.601648	100.000000	
99.298722	34.838209	-85.531470	100.000000	
99.398720	43.201448	-81.582179	100.000000	
99.498719	51.131054	-76.817614	100.000000	
99.598718	58.545017	-71.300999	100.000000	
99.698716	65.373938	-65.103384	100.000000	
99.798715	71.543239	-58.102362	100.000000	
99.898714	76.989930	-50.656075	100.000000	
99.998713	81.663129	-42.663203	100.000000	
